#ID Type LEN(mile) FFS_car(mile/h) Cap_car(v/hour) RHOJ_car(v/miles) Lane FFS_truck(mile/h) Cap_truck(v/hour) RHOJ_truck(v/miles) Convert_factor(1)
1 CTM 0.55 35 2200 200 2 25 1200 80 2.1
2 CTM 0.55 65 2200 200 2 25 1200 80 2.1
3 CTM 0.55 35 2200 200 2 25 1200 80 2.1
4 CTM 0.55 35 2200 200 1 25 1200 80 2.1
5 CTM 0.55 35 2200 200 1 25 1200 80 2.1
6 CTM 0.55 35 2200 200 1 25 1200 80 2.1
7 CTM 0.55 35 2200 200 1 25 1200 80 2.1
8 CTM 0.55 35 2200 200 1 25 1200 80 2.1
9 CTM 0.55 35 2200 200 1 25 1200 80 2.1
10 CTM 0.55 65 2200 200 1 25 1200 80 2.1
11 CTM 0.55 35 2200 200 1 25 1200 80 2.1
12 CTM 0.55 35 2200 200 1 25 1200 80 2.1
13 CTM 0.55 35 2200 200 1 25 1200 80 2.1
14 CTM 0.55 35 2200 200 1 25 1200 80 2.1
15 CTM 0.55 35 2200 200 1 25 1200 80 2.1
16 CTM 0.55 65 2200 200 1 25 1200 80 2.1
101 PQ 1 99999 99999 99999 1 99999 99999 99999 2.1
102 PQ 1 99999 99999 99999 1 99999 99999 99999 2.1
103 PQ 1 99999 99999 99999 1 99999 99999 99999 2.1
104 PQ 1 99999 99999 99999 1 99999 99999 99999 2.1
105 PQ 1 99999 99999 99999 1 99999 99999 99999 2.1
106 PQ 1 99999 99999 99999 1 99999 99999 99999 2.1
107 PQ 1 99999 99999 99999 1 99999 99999 99999 2.1
108 PQ 1 99999 99999 99999 1 99999 99999 99999 2.1