#Origin_ID Destination_ID <car demand by interval> <truck demand by interval>
1 1 6.90387020734 10.555220755 11.6781589671 12.8010971792 13.9240353912 15.2893758338 15.1624536133 15.2905931941 15.796146043 16.8736168003 8.0811000413 8.63988790329 9.64875515308 11.6535031269 3.53561059374 3.51110203843 0.0 0.0 0.0 0.0 0.0 0.0 0.0 0.0 0.0 0.0 0.0 0.0 0.0 0.0 0.0 0.0
1 2 3.6185006493 4.18382112394 4.6289252787 5.07402943346 22.126439899 17.383524105 27.3578351831 68.7220820932 94.5807580783 143.43219807 187.157632263 258.022662245 303.139339769 328.824482004 417.334929396 414.915939924 0.0 0.0 0.0 0.0 0.0 0.0 0.0 0.0 0.0 0.0 0.0 0.0 0.0 0.0 0.0 0.0
1 3 3.6185006493 4.18382112394 4.6289252787 5.07402943346 21.0978134067 17.1825582081 46.1691921161 65.7178315293 88.3034005579 135.328177241 216.529197788 264.099579693 314.640811626 354.602700746 440.827597203 437.297876206 0.0 0.0 0.0 0.0 0.0 0.0 0.0 0.0 0.0 0.0 0.0 0.0 0.0 0.0 0.0 0.0
2 1 0.0 0.0 0.0 0.0 0.0 0.0 0.0 0.0 0.0 0.0 0.0 0.0 0.0 0.0 0.0 0.0 5.0 5.0 5.0 5.0 5.0 5.0 5.0 5.0 5.0 5.0 5.0 5.0 5.0 5.0 5.0 5.0
3 1 98.5427815395 63.4517638585 70.9158477107 72.7694607861 77.3191039644 80.042675016 76.6899170472 63.7780438711 47.4789913662 39.5639424841 23.2972725363 17.7284160137 9.92737262281 6.72100035138 3.77131796666 3.74517550766 0.0 0.0 0.0 0.0 0.0 0.0 0.0 0.0 0.0 0.0 0.0 0.0 0.0 0.0 0.0 0.0
3 2 8.10488249621 7.96025396198 15.2217520317 32.0431328888 41.422249699 80.5550775086 133.209058878 218.301071577 306.214737469 410.539925733 465.811560523 506.830161685 513.555878886 516.57463466 529.918514598 556.668537569 0.0 0.0 0.0 0.0 0.0 0.0 0.0 0.0 0.0 0.0 0.0 0.0 0.0 0.0 0.0 0.0
4 1 58.6722405474 63.0134371345 66.3404614679 70.7739545461 67.6356476646 62.41327802 49.8132363305 34.9511884175 25.8919333252 17.4892788089 9.3579761746 5.76573518175 4.14377150735 4.71643910329 2.35707372916 2.34073469229 0.0 0.0 0.0 0.0 0.0 0.0 0.0 0.0 0.0 0.0 0.0 0.0 0.0 0.0 0.0 0.0
4 3 5.70319132287 13.2283704492 22.4624248497 38.5584173103 72.8538613278 121.733695366 165.355844093 218.564872504 256.088973936 284.707869307 298.905387227 295.568189215 290.347789911 281.76875117 284.482793047 282.510782248 0.0 0.0 0.0 0.0 0.0 0.0 0.0 0.0 0.0 0.0 0.0 0.0 0.0 0.0 0.0 0.0
5 1 0.0 0.0 0.0 0.0 0.0 0.0 0.0 0.0 0.0 0.0 0.0 0.0 0.0 0.0 0.0 0.0 100.0 100.0 100.0 100.0 100.0 100.0 100.0 100.0 100.0 100.0 100.0 100.0 100.0 100.0 100.0 100.0
