#ID Type LEN(mile) FFS_car(mile/h) Cap_car(v/hour) RHOJ_car(v/miles) Lane FFS_truck(mile/h) Cap_truck(v/hour) RHOJ_truck(v/miles) Convert_factor(1)
1 CTM 5.0 40.0 2000.0 200.0 2 35.0 1200.0 100.0 2.0
2 CTM 7.5 65.0 2300.0 200.0 3 55.0 1200.0 100.0 2.0
3 CTM 1.5 30.0 1800.0 200.0 1 25.0 1000.0 100.0 2.0
4 CTM 1.5 30.0 1800.0 200.0 1 25.0 1000.0 100.0 2.0
5 CTM 0.55 30.0 1800.0 200.0 1 25.0 1000.0 100.0 2.0
6 CTM 0.55 30.0 1800.0 200.0 1 25.0 1000.0 100.0 2.0
7 CTM 2.5 30.0 1800.0 200.0 1 25.0 1000.0 100.0 2.0
8 CTM 2.5 30.0 1800.0 200.0 1 25.0 1000.0 100.0 2.0
9 CTM 3.5 40.0 2000.0 200.0 2 35.0 1200.0 100.0 2.0
10 CTM 4.0 65.0 2300.0 200.0 3 55.0 1200.0 100.0 2.0
11 CTM 0.5 30.0 1800.0 200.0 1 25.0 1000.0 100.0 2.0
12 CTM 0.5 30.0 1800.0 200.0 1 25.0 1000.0 100.0 2.0
13 CTM 0.5 30.0 1800.0 200.0 1 25.0 1000.0 100.0 2.0
14 CTM 0.5 30.0 1800.0 200.0 1 25.0 1000.0 100.0 2.0
15 CTM 1.5 40.0 2000.0 200.0 2 35.0 1200.0 100.0 2.0
16 CTM 1.5 65.0 2300.0 200.0 3 55.0 1200.0 100.0 2.0
101 PQ 1.0 99999.0 99999.0 99999.0 1 99999.0 99999.0 99999.0 2.0
102 PQ 1.0 99999.0 99999.0 99999.0 1 99999.0 99999.0 99999.0 2.0
103 PQ 1.0 99999.0 99999.0 99999.0 1 99999.0 99999.0 99999.0 2.0
104 PQ 1.0 99999.0 99999.0 99999.0 1 99999.0 99999.0 99999.0 2.0
105 PQ 1.0 99999.0 99999.0 99999.0 1 99999.0 99999.0 99999.0 2.0
106 PQ 1.0 99999.0 99999.0 99999.0 1 99999.0 99999.0 99999.0 2.0
107 PQ 1.0 99999.0 99999.0 99999.0 1 99999.0 99999.0 99999.0 2.0
108 PQ 1.0 99999.0 99999.0 99999.0 1 99999.0 99999.0 99999.0 2.0
