0.5083832648809183 0.6881932369045497 0.31891756941366517 0.7570057445559931 0.0544203126023142 0.9127765221510831 0.46747005073734227 0.24573872676676617 0.1969628305519865 0.209592534553758 0.28453370213104223 0.4311808922289872 0.12863185730286011 0.7980772896733638 0.33843021579826355 0.23653431834930178
0.4916167351190817 0.31180676309545036 0.6810824305863348 0.242994255444007 0.9455796873976858 0.08722347784891693 0.5325299492626577 0.7542612732332339 0.8030371694480136 0.7904074654462421 0.7154662978689577 0.5688191077710129 0.8713681426971399 0.20192271032663628 0.6615697842017365 0.7634656816506983
1.0 1.0 1.0 1.0 1.0 1.0 1.0 1.0 1.0 1.0 1.0 1.0 1.0 1.0 1.0 1.0
0.3968579316154679 0.3241819232311267 0.28887460640219464 0.36508299249830056 0.26133978348051384 0.30361316738881894 0.19798983978533485 0.19955732477643368 0.29378623742838433 0.19780436459814923 0.22091840148414837 0.11554186424811048 0.9558305926275821 0.15310853830511653 0.2688576696713896 0.006013563505145814
0.6031420683845321 0.6758180767688733 0.7111253935978054 0.6349170075016994 0.7386602165194862 0.696386832611181 0.8020101602146651 0.8004426752235664 0.7062137625716156 0.8021956354018508 0.7790815985158516 0.8844581357518896 0.04416940737241797 0.8468914616948835 0.7311423303286104 0.9939864364948542
0.21715959097013074 0.19309564137846522 0.651616603490841 0.46375394756845806 0.683504061541621 0.0591183758176926 0.49722706348785906 0.5244888577852791 0.09780176754436783 0.29472624977134837 0.23963907708811213 0.26085191066717706 0.3443695669579772 0.26831705106907866 0.7362482705768246 0.2983024788540104
0.7828404090298692 0.8069043586215348 0.34838339650915884 0.5362460524315419 0.3164959384583789 0.9408816241823075 0.5027729365121408 0.4755111422147209 0.9021982324556321 0.7052737502286516 0.7603609229118878 0.7391480893328229 0.6556304330420228 0.7316829489309212 0.2637517294231755 0.7016975211459896
1.0 1.0 1.0 1.0 1.0 1.0 1.0 1.0 1.0 1.0 1.0 1.0 1.0 1.0 1.0 1.0
0.7343350542530707 0.5302899478411368 0.3133027497531847 0.7521163802637051 0.07509545673839357 0.23903639588904085 0.9224023692387965 0.43949011988726894 0.8363373701911091 0.27595865592294766 0.4509289997719193 0.07073888400761118 0.26217818256632286 0.5656300611662949 0.27980883822898256 0.13743070970274898
0.26566494574692934 0.46971005215886324 0.6866972502468154 0.2478836197362949 0.9249045432616064 0.7609636041109592 0.07759763076120361 0.5605098801127311 0.16366262980889096 0.7240413440770525 0.5490710002280806 0.9292611159923888 0.7378218174336771 0.4343699388337051 0.7201911617710175 0.8625692902972509
0.19617199440477687 0.008740831581436966 0.829537894203851 0.44190154889010075 0.6906697047595084 0.8062646464605583 0.8720076410418002 0.9796067165017771 0.589518048695458 0.9004616382970599 0.7072303903301232 0.17317568194193067 0.7450374702246563 0.8843095824003888 0.7933343250661382 0.5111728558806294
0.8038280055952232 0.991259168418563 0.170462105796149 0.5580984511098993 0.3093302952404916 0.19373535353944166 0.12799235895819977 0.02039328349822278 0.410481951304542 0.09953836170294002 0.2927696096698767 0.8268243180580693 0.2549625297753437 0.1156904175996113 0.20666567493386184 0.48882714411937056
1.0 1.0 1.0 1.0 1.0 1.0 1.0 1.0 1.0 1.0 1.0 1.0 1.0 1.0 1.0 1.0
1.0 1.0 1.0 1.0 1.0 1.0 1.0 1.0 1.0 1.0 1.0 1.0 1.0 1.0 1.0 1.0
